# EN7570 functional-stock register dump: normalized raw I2C byte order
# source: en7570_stock_oem_logs.txt, range 0x000..0x300
0x000: 08 00 10 02
0x004: 00 01 20 01
0x008: 9a 5f 5c 08
0x00c: 33 00 00 00
0x010: 5c 5f 00 00
0x014: 00 24 05 00
0x018: 00 00 00 00
0x01c: 55 55 55 a5
0x020: 06 00 00 00
0x024: 00 00 41 04
0x028: 00 00 00 00
0x02c: 5b c8 00 00
0x030: b3 09 20 00
0x034: 00 00 00 00
0x038: 00 00 00 00
0x03c: 00 00 00 00
0x040: 00 00 00 00
0x044: 00 00 00 00
0x048: 00 00 00 00
0x04c: 00 00 00 00
0x050: 00 00 00 00
0x054: 00 00 00 00
0x058: 00 00 00 00
0x05c: 00 00 00 00
0x060: 00 00 00 00
0x064: 00 00 00 00
0x068: 00 00 00 00
0x06c: 00 00 00 00
0x070: 00 00 00 00
0x074: 00 00 00 00
0x078: 00 00 00 00
0x07c: 00 00 00 00
0x080: 00 00 00 00
0x084: 00 00 00 00
0x088: 00 00 00 00
0x08c: 00 00 00 00
0x090: 00 00 00 00
0x094: 00 00 00 00
0x098: 00 00 00 00
0x09c: 00 00 00 00
0x0a0: 00 00 00 00
0x0a4: 00 00 00 00
0x0a8: 00 00 00 00
0x0ac: 00 00 00 00
0x0b0: 00 00 00 00
0x0b4: 00 00 00 00
0x0b8: 00 00 00 00
0x0bc: 00 00 00 00
0x0c0: 00 00 00 00
0x0c4: 00 00 00 00
0x0c8: 00 00 00 00
0x0cc: 00 00 00 00
0x0d0: 00 00 00 00
0x0d4: 00 00 00 00
0x0d8: 00 00 00 00
0x0dc: 00 00 00 00
0x0e0: 00 00 00 00
0x0e4: 00 00 00 00
0x0e8: 00 00 00 00
0x0ec: 00 00 00 00
0x0f0: 00 00 00 00
0x0f4: 00 00 00 00
0x0f8: 00 00 00 00
0x0fc: 00 00 00 00
0x100: ff 0f ff 0f
0x104: 10 00 1f 10
0x108: ff ff 00 00
0x10c: 10 00 10 00
0x110: 10 00 1f 10
0x114: ff ff 00 00
0x118: 10 00 10 00
0x11c: 06 1f 1c 10
0x120: 05 1f 22 00
0x124: ff ff ff ff
0x128: 00 00 00 00
0x12c: 00 00 00 00
0x130: 2e 18 65 88
0x134: 00 02 04 10
0x138: 37 02 00 00
0x13c: 35 12 4b 82
0x140: 00 00 00 00
0x144: 00 02 04 10
0x148: eb 04 00 00
0x14c: 35 12 fc 84
0x150: 00 00 00 00
0x154: 79 01 00 00
0x158: 00 00 00 00
0x15c: 01 00 00 00
0x160: 00 01 00 00
0x164: 00 00 00 00
0x168: 34 02 00 00
0x16c: ff a7 58 00
0x170: 03 00 00 00
0x174: 00 00 00 00
0x178: 00 00 00 00
0x17c: 00 00 00 00
0x180: 00 00 00 00
0x184: 00 00 00 00
0x188: 00 00 00 00
0x18c: 00 00 00 00
0x190: 00 00 00 00
0x194: 00 00 00 00
0x198: 00 00 00 00
0x19c: 00 00 00 00
0x1a0: 00 00 00 00
0x1a4: 00 00 00 00
0x1a8: 00 00 00 00
0x1ac: 00 00 00 00
0x1b0: 00 00 00 00
0x1b4: 00 00 00 00
0x1b8: 00 00 00 00
0x1bc: 00 00 00 00
0x1c0: 00 00 00 00
0x1c4: 00 00 00 00
0x1c8: 00 00 00 00
0x1cc: 00 00 00 00
0x1d0: 00 00 00 00
0x1d4: 00 00 00 00
0x1d8: 00 00 00 00
0x1dc: 00 00 00 00
0x1e0: 00 00 00 00
0x1e4: 00 00 00 00
0x1e8: 00 00 00 00
0x1ec: 00 00 00 00
0x1f0: 00 00 00 00
0x1f4: 00 00 00 00
0x1f8: 00 00 00 00
0x1fc: 00 00 00 00
0x200: 00 00 00 00
0x204: 00 00 00 00
0x208: 00 00 00 00
0x20c: 00 00 00 00
0x210: 00 00 00 00
0x214: 00 00 00 00
0x218: 00 00 00 00
0x21c: 00 00 00 00
0x220: 00 00 00 00
0x224: 00 00 00 00
0x228: 00 00 00 00
0x22c: 00 00 00 00
0x230: 00 00 00 00
0x234: 00 00 00 00
0x238: 00 00 00 00
0x23c: 00 00 00 00
0x240: 00 00 00 00
0x244: 00 00 00 00
0x248: 00 00 00 00
0x24c: 00 00 00 00
0x250: 00 00 00 00
0x254: 00 00 00 00
0x258: 00 00 00 00
0x25c: 00 00 00 00
0x260: 00 00 00 00
0x264: 00 00 00 00
0x268: 00 00 00 00
0x26c: 00 00 00 00
0x270: 00 00 00 00
0x274: 00 00 00 00
0x278: 00 00 00 00
0x27c: 00 00 00 00
0x280: 00 00 00 00
0x284: 00 00 00 00
0x288: 00 00 00 00
0x28c: 00 00 00 00
0x290: 00 00 00 00
0x294: 00 00 00 00
0x298: 00 00 00 00
0x29c: 00 00 00 00
0x2a0: 00 00 00 00
0x2a4: 00 00 00 00
0x2a8: 00 00 00 00
0x2ac: 00 00 00 00
0x2b0: 00 00 00 00
0x2b4: 00 00 00 00
0x2b8: 00 00 00 00
0x2bc: 00 00 00 00
0x2c0: 00 00 00 00
0x2c4: 00 00 00 00
0x2c8: 00 00 00 00
0x2cc: 00 00 00 00
0x2d0: 00 00 00 00
0x2d4: 00 00 00 00
0x2d8: 00 00 00 00
0x2dc: 00 00 00 00
0x2e0: 00 00 00 00
0x2e4: 00 00 00 00
0x2e8: 00 00 00 00
0x2ec: 00 00 00 00
0x2f0: 00 00 00 00
0x2f4: 00 00 00 00
0x2f8: 00 00 00 00
0x2fc: 00 00 00 00
0x300: 00 00 00 00
